4294967293,131
4294967293,130
4294967293,129
4294967293,128
4294967293,127
4294967293,126
4294967293,125
4294967293,124
4294967293,123
4294967293,122
4294967293,121
4294967293,120
4294967293,119
4294967293,118
4294967293,117
4294967293,116
4294967293,115
4294967293,114
4294967293,113
4294967293,112
4294967293,111
4294967293,110
4294967293,109
4294967293,108
4294967293,107
4294967293,106
4294967293,105
4294967293,104
4294967293,103
4294967293,102
4294967293,101
4294967293,100
4294967293,99
4294967293,98
4294967293,97
4294967293,96
4294967293,95
4294967293,94
4294967293,93
4294967293,92
4294967293,91
4294967293,90
4294967293,89
4294967293,87
4294967293,86
4294967293,85
4294967293,84
4294967293,83
4294967293,82
4294967293,81
4294967293,80
4294967293,79
4294967293,78
4294967293,77
4294967293,76
4294967293,75
4294967293,74
4294967293,73
4294967293,72
4294967293,71
4294967293,70
4294967293,69
4294967293,68
4294967293,67
4294967293,66
4294967293,65
4294967293,64
4294967293,63
4294967293,62
4294967293,61
4294967293,60
4294967293,59
4294967293,58
4294967293,57
4294967293,56
4294967293,55
4294967293,54
4294967293,53
4294967293,52
4294967293,51
4294967293,50
4294967293,49
4294967293,48
4294967293,47
4294967293,46
4294967293,45
4294967293,44
4294967293,43
4294967293,42
4294967293,41
4294967293,40
4294967293,39
4294967293,38
4294967293,37
4294967293,36
4294967293,35
4294967293,34
4294967293,33
4294967293,32
4294967293,31
4294967293,30
4294967293,29
4294967293,28
4294967293,27
4294967293,26
4294967293,25
4294967293,24
4294967293,23
4294967293,22
4294967293,21
4294967293,20
4294967293,19
4294967293,18
4294967293,17
4294967293,16
4294967293,15
4294967293,14
4294967293,13
4294967293,12
4294967293,11
4294967293,10
4294967293,9
4294967293,8
4294967293,7
4294967293,6
4294967293,5
4294967293,4
4294967293,3
4294967278,36
4294967278,34
4294967278,31
4294967278,30
4294967278,27
4294967278,25
4294967278,24
4294967278,23
4294967278,22
4294967278,21
4294967278,20
4294967278,19
4294967278,16
4294967278,14
4294967278,13
4294967278,12
4294967278,11
4294967278,10
4294967278,9
4294967278,8
4294967279,131
4294967279,129
4294967279,128
4294967279,127
4294967279,124
4294967279,122
4294967279,121
4294967279,120
4294967279,119
4294967279,118
4294967279,117
4294967279,114
4294967279,112
4294967279,111
4294967279,110
4294967279,109
4294967279,108
4294967279,107
4294967279,106
4294967279,105
4294967279,102
4294967279,101
4294967279,100
4294967279,96
4294967279,95
4294967279,94
4294967279,93
4294967279,92
4294967279,91
4294967279,90
4294967279,89
4294967279,87
4294967279,86
4294967279,85
4294967279,84
4294967279,83
4294967279,82
4294967279,81
4294967279,80
4294967279,79
4294967279,78
4294967279,77
4294967279,76
4294967279,75
4294967279,74
4294967279,73
4294967279,72
4294967279,71
4294967279,70
4294967279,69
4294967279,67
4294967279,65
4294967279,64
4294967279,63
4294967279,62
4294967279,61
4294967279,60
4294967279,58
4294967279,56
4294967279,55
4294967279,54
4294967279,53
4294967279,47
4294967279,45
4294967279,43
4294967279,41
4294967279,39
4294967279,37
4294967279,35
4294967279,34
4294967279,33
4294967279,32
4294967279,31
4294967279,30
4294967279,29
4294967279,28
4294967279,27
4294967279,26
4294967279,25
4294967279,24
4294967279,23
4294967279,22
4294967279,21
4294967279,16
4294967279,12
4294967278,518
4294967279,50
4294967279,329
4294967278,517
4294967279,361
5,2
5,4
4294967294,966
4294967294,964
4294967294,963
4294967294,962
4294967294,961
4294967294,960
4294967294,919
4294967294,916
4294967294,914
4294967294,913
4294967294,912
4294967294,911
4294967294,909
4294967294,906
4294967294,903
4294967294,900
4294967294,519
4294967294,61
4294967294,177
4294967294,30
4294967294,164
4294967294,97
4294967294,189
4294967294,80
4294967294,174
4294967294,161
4294967294,184
4294967294,180
4294967278,159
4294967279,160
4294967278,158
4294967278,157
4294967279,158
4294967278,156
4294967279,156
4294967279,154
4294967279,151
4294967279,150
4294967278,149
4294967279,149
4294967278,148
4294967278,147
4294967278,146
4294967294,427
4294967294,425
4294967294,18
4294967294,127
4294967294,14
4294967294,126
4294967294,20
4294967294,13
4294967294,160
4294967294,168
4294967294,12
4294967294,104
4294967294,106
4294967294,166
4294967294,24
4294967294,175
4294967294,183
4294967294,185
4294967294,182
4294967294,176
4294967294,173
4294967294,170
4294967294,190
4294967294,162
4294967294,967
4294967294,11
4294967294,450
4294967294,421
4294967294,68
4294967278,38
4294967278,37
4294967278,35
4294967278,33
4294967278,32
4294967278,29
4294967278,28
4294967278,26
4294967278,18
4294967278,17
4294967278,15
4294967278,545
4294967278,7
4294967278,6
4294967278,5
4294967279,130
4294967279,68
4294967279,66
4294967279,59
4294967279,57
4294967279,52
4294967279,51
4294967279,49
4294967279,48
4294967279,46
4294967279,44
4294967279,42
4294967279,40
4294967279,38
4294967279,36
28,4
9,4
6,4
7,4
4,4
2,2
4294967278,134
4294967279,133
4294967278,133
8,2
4294967278,276
4294967279,20
4294967279,270
8,4
4294967279,18
4294967279,267
16,5
16,7
16,2
